4657.84934,N,00707.01127,E

                                signe
gps.location.lng()   4696431    0000 0000 0100 0111 1010 1001 0110 1111     -> std::array<uint8_t, 4>
gps.location.lat() -15248303    1111 0000 1110 1000 1010 1011 1010 1111     -> std::array<uint8_t, 4>

1                16                  32                  48                  64
0000 0000 0100 0111 1010 1001 0110 1111 1111 0000 1110 1000 1010 1011 1010 1111

-> appData[?]

Debug.
 

--> TTN LoRa Frame:  [6, 220, 10, 0] --> 47A96F --> 4696431
0100 0000 0000 0000 0000 0010 0010 0000 0000 0000 0001 0000 0000 0000 0000 0000